hex
0
0
0
4000
0
8000
0
c000
0
10000
c64e8adf
94b40000
46333a61
fab44000
bf000000
c50000
464e8adf
94b40000
c6333a61
fab44000
bf000000
c50000
c6ea6000
b40000
46875104
22b44000
45b46c05
83b40000
c61c4000
b44000
461c4000
b40000
c6875104
22b44000
0
0
0
0
0
0
0
0
0
0
0
0
0
0
0
0
0
0
0
4000
0
8000
0
c000
0
10000
0
14000
0
18000
0
1c000
c69c4000
b40000
0
0
0
0
0
0
bf800000
c50000
0
0
0
0
3f800000
b44000
0
0
0
0
0
0
0
0
0
0
0
0
0
0
0
0
0
0
0
0
0
4000
0
8000
0
c000
0
10000
0
14000
0
18000
0
1c000
469c4000
b40000
0
0
0
0
bf800000
c50000
0
0
0
0
0
0
3f800000
b44000
0
0
0
0
0
0
0
0
0
0
0
0
0
0
0
0
0
0
0
0
0
4000
0
8000
0
c000
0
10000
0
14000
461c4000
b40000
c6875104
22b44000
c6ea6000
b40000
46875104
22b44000
45b46c05
83b40000
c61c4000
b44000
461c4000
b40000
c6875104
22b44000
46ea6000
b40000
c6875104
22b44000
0
0
0
0
0
0
0
0
0
0
0
0
0
0
0
0
0
0
bf800000
c50000
0
0
0
4000
0
0
bf800000
c50000
0
0
0
4000
0
8000
0
c000
0
10000
3f800000
b44000
3f800000
b40000
0
0
0
0
0
0
0
0
0
0
0
0
0
0
0
0
0
0
0
0
0
0
0
0
0
0
0
0
0
4000
0
8000
0
c000
0
10000
0
14000
c59c4000
b40000
c6075104
22b44000
bf000000
c50000
bf400000
b40000
3eddb3d7
43b44000
b7d1b717
59c50000
bf400000
b40000
3eddb3d7
43b44000
b7d1b717
59c50000
3f400000
b40000
beddb3d7
43b44000
37d1b717
59c50000
3f400000
b40000
beddb3d7
43b44000
37d1b717
59c50000
0
0
0
0
0
0
0
0
0
0
0
4000
0
8000
0
c000
0
10000
0
14000
461c4000
b40000
c6875104
22b44000
c6ea6000
b40000
46875104
22b44000
45b46c05
83b40000
c61c4000
b44000
461c4000
b40000
c6875104
22b44000
c6ea6000
b40000
46875104
22b44000
0
0
0
0
0
0
0
0
0
0
0
0
0
0
0
0
0
0
0
0
0
4000
0
8000
0
c000
0
10000
0
14000
c59c4000
b40000
c6075104
22b44000
3f000000
c50000
bf400000
b40000
3eddb3d7
43b44000
37d1b717
59c50000
bf400000
b40000
3eddb3d7
43b44000
37d1b717
59c50000
3f400000
b40000
beddb3d7
43b44000
b7d1b717
59c50000
3f400000
b40000
beddb3d7
43b44000
b7d1b717
59c50000
0
0
0
0
0
0
0
0
0
0
0
0
bf800000
c50000
0
0
0
4000
0
0
0
4000
0
8000
0
c000
0
10000
3f800000
b44000
3f800000
b40000
0
0
0
0
0
0
0
0
0
0
0
0
0
0
0
0
0
0
0
0
0
0
0
0
0
0
0
0
0
4000
0
8000
0
c000
0
10000
0
14000
0
18000
0
1c000
0
0
bf800000
c50000
0
0
0
0
469c4000
b40000
0
0
0
0
3f800000
b44000
0
0
0
0
0
0
0
0
0
0
0
0
0
0
0
0
0
0
0
0
0
4000
0
8000
0
c000
0
10000
0
14000
0
18000
0
1c000
bf800000
c50000
bf800000
b40000
0
0
0
0
bf800000
c50000
3f800000
b40000
bf800000
b40000
3f800000
b44000
0
0
0
0
0
0
0
0
0
0
0
0
0
0
0
0
0
0
0
0
0
4000
0
8000
0
c000
0
10000
0
14000
0
18000
0
1c000
c61c4000
b40000
46875104
22b44000
3f800000
c50000
c61c4000
b40000
46875104
22b44000
461c4000
b40000
c6875104
22b44000
45b46c05
83b40000
c61c4000
b44000
0
0
0
0
0
0
0
0
0
0
0
0
0
0
0
0
0
0
0
4000
0
8000
0
c000
0
10000
0
14000
0
18000
0
1c000
bf800000
c50000
0
0
bf800000
c50000
469c4000
b40000
0
0
3f800000
b44000
3f800000
b40000
0
0
0
0
0
0
0
0
0
0
0
0
0
0
0
0
0
0
0
0
0
0
0
4000
0
8000
0
c000
0
10000
0
14000
0
18000
bf800000
c50000
0
0
bf800000
c50000
3f800000
b40000
3f800000
b44000
3f800000
b40000
3f800000
b40000
0
0
0
0
0
0
0
0
0
0
0
0
0
0
0
0
0
0
0
0
0
0
0
0
0
4000
0
8000
0
c000
0
10000
0
14000
0
18000
bf800000
c50000
bf800000
c50000
0
0
3f800000
b40000
3f800000
b44000
3f800000
b40000
3f800000
b40000
3f800000
b40000
0
0
0
0
0
0
0
0
0
0
0
0
0
0
0
0
0
0
0
0
469c4000
b40000
0
0
0
4000
0
0
3f800000
b44000
0
0
0
4000
0
8000
0
c000
0
10000
3f800000
b40000
0
0
0
0
3f800000
c50000
3f800000
c50000
0
0
0
0
0
0
0
0
0
0
0
0
0
0
0
0
0
0
0
0
0
0
0
4000
0
8000
0
c000
0
10000
0
14000
0
18000
0
1c000
0
20000
0
24000
bf800000
c50000
bf800000
c50000
0
0
0
0
bf800000
c50000
3f800000
b40000
3f800000
b44000
0
0
0
0
0
0
0
0
0
0
0
0
0
0
0
0
0
0
0
4000
0
8000
0
c000
0
10000
0
14000
0
18000
0
1c000
0
20000
0
24000
bf800000
c50000
bf800000
c50000
0
0
bf800000
c50000
0
0
3f800000
b40000
3f800000
b44000
0
0
0
0
0
0
0
0
0
0
0
0
0
0
0
0
0
0
0
4000
0
8000
0
c000
0
10000
0
14000
0
18000
0
1c000
bf800000
c50000
0
0
0
0
0
0
c69c4000
b40000
0
0
0
0
3f800000
b44000
0
0
0
0
0
0
0
0
0
0
0
0
0
0
0
0
0
0
0
0
0
4000
0
8000
0
c000
0
10000
0
14000
0
18000
0
1c000
c61c4000
b40000
46875104
22b44000
bf800000
c50000
461c4000
b40000
c6875104
22b44000
461c4000
b40000
c6875104
22b44000
45b46c05
83b40000
c61c4000
b44000
0
0
0
0
0
0
0
0
0
0
0
0
0
0
0
0
0
0
0
4000
0
8000
0
c000
0
10000
0
14000
0
18000
bf800000
c50000
0
0
bf800000
b40000
0
0
bf800000
c50000
0
0
3f800000
b40000
bf800000
b40000
3f800000
b44000
0
0
0
0
0
0
0
0
0
0
0
0
0
0
0
0
0
0
c69c4000
b40000
0
0
0
4000
0
0
3f800000
b44000
0
0
0
4000
0
8000
0
c000
0
10000
3f800000
b40000
0
0
0
0
bf800000
c50000
bf800000
c50000
0
0
0
0
0
0
0
0
0
0
0
0
0
0
0
0
0
0
0
0
0
0
0
4000
0
8000
0
c000
0
10000
0
14000
0
18000
0
1c000
0
20000
bf800000
c50000
0
0
0
0
bf800000
c50000
0
0
bf800000
c50000
3f800000
b40000
3f800000
b44000
0
0
0
0
0
0
0
0
0
0
0
0
0
0
0
0
0
0
0
4000
0
8000
0
c000
0
10000
0
14000
0
18000
0
1c000
0
20000
bf800000
c50000
0
0
0
0
bf800000
c50000
bf800000
c50000
0
0
3f800000
b40000
3f800000
b44000
0
0
0
0
0
0
0
0
0
0
0
0
0
0
0
0
0
0
0
4000
0
8000
0
c000
0
10000
0
14000
0
18000
0
1c000
0
20000
bf800000
c50000
0
0
c69c4000
b40000
0
0
3f800000
b44000
3f800000
b40000
0
0
0
0
0
0
0
0
0
0
0
0
0
0
0
0
0
0
0
0
0
0
0
4000
0
8000
0
c000
0
10000
0
14000
0
18000
0
1c000
0
0
bf800000
c50000
3f800000
b40000
3f800000
b44000
3f800000
b40000
3f800000
b40000
bf800000
b40000
0
0
0
0
0
0
0
0
0
0
0
0
0
0
0
0
0
0
0
0
0
0
0
4000
0
8000
0
c000
0
10000
0
14000
0
18000
0
1c000
bf800000
c50000
0
0
3f800000
b40000
3f800000
b44000
3f800000
b40000
3f800000
b40000
0
0
0
0
0
0
0
0
0
0
0
0
0
0
0
0
0
0
0
0
0
0
0
0
0
4000
0
8000
0
c000
0
10000
0
14000
0
18000
0
1c000
0
0
0
0
3f800000
b40000
3f800000
b44000
3f800000
b40000
3f800000
b40000
42c80000
c50000
0
0
0
0
0
0
0
0
0
0
0
0
0
0
0
0
0
0
0
0
0
0
0
0
0
0
0
0
0
0
0
0
0
0
0
0
0
0
0
0
0
0
0
0
0
0
0
0
0
0
