hex
0
0
3f800000
b40000
0
0
0
0
0
0
0
0
0
0
0
0
0
0
0
0
0
0
0
0
0
0
0
0
0
0
0
0
0
0
0
0
0
0
0
0
0
0
0
0
0
0
0
0
0
0
0
0
3f800000
b40000
0
0
0
0
0
0
0
0
0
0
0
0
0
0
0
0
0
0
0
0
0
0
0
0
0
0
0
0
0
0
0
0
0
0
0
0
0
0
0
0
0
0
0
0
0
0
0
0
3f800000
b40000
0
0
0
0
0
0
0
0
0
0
0
0
0
0
0
0
0
0
0
0
0
0
0
0
0
0
0
0
0
0
0
0
0
0
0
0
0
0
0
0
0
0
0
0
0
0
0
0
3f800000
b40000
0
0
0
0
0
0
0
0
0
0
0
0
0
0
0
0
0
0
0
0
0
0
0
0
0
0
0
0
0
0
0
0
0
0
0
0
0
0
0
0
0
0
0
0
0
0
3f400000
b40000
beddb3d7
43b44000
3f400000
b40000
beddb3d7
43b44000
c5346c05
83b40000
c59c4000
b44000
0
0
0
0
0
0
0
0
0
0
0
0
0
0
0
0
0
0
0
0
0
0
0
0
0
0
0
0
0
0
0
0
0
0
0
0
0
0
bf800000
c50000
0
0
0
0
3f800000
b44000
3f800000
b40000
0
0
3f800000
c50000
3f800000
c50000
0
0
0
0
0
0
0
0
0
0
0
0
0
0
0
0
0
0
0
0
0
0
0
0
0
0
0
0
0
0
0
0
0
0
0
0
3f800000
b40000
0
0
0
0
0
0
0
0
0
0
0
0
0
0
0
0
0
0
0
0
0
0
0
0
0
0
0
0
0
0
0
0
0
0
0
0
0
0
0
0
0
0
0
0
0
0
0
0
bf800000
c50000
0
0
3f800000
b44000
3f800000
b40000
0
0
bf800000
c50000
bf800000
c50000
0
0
0
0
0
0
0
0
0
0
0
0
0
0
0
0
0
0
0
0
0
0
0
0
0
0
0
0
0
0
0
0
0
0
3f400000
b40000
beddb3d7
43b44000
3f400000
b40000
beddb3d7
43b44000
c5346c05
83b40000
c59c4000
b44000
0
0
0
0
bf800000
c50000
0
0
0
0
0
0
0
0
0
0
0
0
0
0
0
0
0
0
0
0
0
0
0
0
0
0
0
0
0
0
0
0
0
0
3f800000
b40000
0
0
0
0
0
0
0
0
0
0
0
0
0
0
0
0
0
0
0
0
0
0
0
0
0
0
0
0
0
0
0
0
0
0
0
0
0
0
0
0
0
0
0
0
0
0
0
0
3f800000
b40000
3f800000
b40000
0
0
bf800000
b40000
0
0
3f800000
b40000
0
0
0
0
0
0
0
0
0
0
0
0
0
0
0
0
0
0
0
0
0
0
0
0
0
0
0
0
0
0
0
0
0
0
0
0
3f800000
b40000
bf800000
b40000
3f800000
b44000
0
0
3f800000
b40000
3f800000
b40000
3f800000
b40000
bf800000
b40000
0
0
3f800000
b40000
0
0
0
0
0
0
0
0
0
0
0
0
0
0
0
0
0
0
0
0
0
0
0
0
0
0
0
0
0
0
0
0
0
0
2900eac8
12b40000
0
0
c6505555
55b40000
c69c4000
b40000
0
0
c69c4000
b40000
0
0
0
0
0
0
0
0
0
0
0
0
0
0
0
0
0
0
0
0
0
0
0
0
0
0
0
0
0
0
0
0
0
0
3f800000
b40000
0
0
0
0
0
0
0
0
0
0
0
0
0
0
0
0
0
0
0
0
0
0
0
0
0
0
0
0
0
0
0
0
0
0
0
0
0
0
0
0
0
0
0
0
0
0
0
0
3f800000
b40000
0
0
0
0
3f2aaaaa
abc50000
3f800000
c50000
0
0
3f800000
c50000
0
0
0
0
0
0
0
0
0
0
0
0
0
0
0
0
0
0
0
0
0
0
0
0
0
0
0
0
0
0
0
0
0
0
0
0
3f000000
b40000
bf5db3d7
43b44000
2900eac8
12b40000
3f13cd3a
2dc50000
bf000000
b40000
3f5db3d7
43b44000
0
0
bf800000
c50000
bf800000
c50000
0
0
0
0
0
0
0
0
0
0
0
0
0
0
0
0
0
0
0
0
0
0
0
0
0
0
0
0
0
0
0
0
3f800000
b40000
3f800000
b40000
3f800000
b40000
3f13cd3a
2dc50000
3f800000
c50000
beaaaaaa
abc50000
bf800000
c50000
3f800000
c50000
bf800000
c50000
0
0
0
0
0
0
0
0
0
0
0
0
0
0
0
0
0
0
0
0
0
0
0
0
0
0
0
0
0
0
0
0
3f800000
b40000
3f800000
b40000
3f800000
b40000
3f13cd3a
2dc50000
3f800000
c50000
3eaaaaaa
abc50000
0
0
3f800000
c50000
0
0
0
0
0
0
0
0
0
0
0
0
0
0
0
0
0
0
0
0
0
0
0
0
0
0
0
0
0
0
0
0
0
0
0
0
3f800000
b40000
0
0
0
0
0
0
0
0
0
0
0
0
0
0
0
0
0
0
0
0
0
0
0
0
0
0
0
0
0
0
0
0
0
0
0
0
0
0
0
0
0
0
0
0
0
0
3f800000
b40000
bf800000
b40000
3f800000
b44000
0
0
3f800000
b40000
3f800000
b40000
bf800000
b40000
bf800000
b40000
0
0
3f800000
b40000
0
0
0
0
0
0
0
0
0
0
0
0
0
0
0
0
0
0
0
0
0
0
0
0
0
0
0
0
0
0
0
0
3f800000
b40000
3f800000
b40000
0
0
bf800000
b40000
0
0
3f800000
b40000
0
0
0
0
0
0
0
0
0
0
0
0
0
0
0
0
0
0
0
0
0
0
0
0
0
0
0
0
0
0
0
0
0
0
0
0
3f000000
b40000
bf5db3d7
43b44000
2900eac8
12b40000
bf13cd3a
2dc50000
bf000000
b40000
3f5db3d7
43b44000
bf800000
c50000
0
0
0
0
bf800000
c50000
0
0
0
0
0
0
0
0
0
0
0
0
0
0
0
0
0
0
0
0
0
0
0
0
0
0
0
0
0
0
3f800000
b40000
3f800000
b40000
3f800000
b40000
bf13cd3a
2dc50000
bf800000
c50000
beaaaaaa
abc50000
0
0
bf800000
c50000
0
0
0
0
0
0
0
0
0
0
0
0
0
0
0
0
0
0
0
0
0
0
0
0
0
0
0
0
0
0
0
0
0
0
3f800000
b40000
3f800000
b40000
3f800000
b40000
bf13cd3a
2dc50000
bf800000
c50000
3eaaaaaa
abc50000
3f800000
c50000
bf800000
c50000
3f800000
c50000
0
0
0
0
0
0
0
0
0
0
0
0
0
0
0
0
0
0
0
0
0
0
0
0
0
0
0
0
0
0
0
0
0
0
0
0
2900eac8
12b40000
0
0
c6505555
55b40000
c69c4000
b40000
0
0
c69c4000
b40000
0
0
0
0
0
0
0
0
0
0
0
0
0
0
0
0
0
0
0
0
0
0
0
0
0
0
0
0
0
0
0
0
0
0
3f800000
b40000
0
0
0
0
bf2aaaaa
abc50000
bf800000
c50000
0
0
bf800000
c50000
0
0
0
0
0
0
0
0
0
0
0
0
0
0
0
0
0
0
0
0
0
0
0
0
0
0
0
0
0
0
0
0
0
0
0
0
3f800000
b40000
0
0
0
0
0
0
0
0
0
0
0
0
0
0
0
0
0
0
0
0
0
0
0
0
0
0
0
0
0
0
0
0
0
0
0
0
0
0
0
0
0
0
0
0
0
0
0
0
3f800000
b40000
0
0
0
0
0
0
0
0
0
0
0
0
0
0
0
0
0
0
0
0
0
0
0
0
0
0
0
0
0
0
0
0
0
0
0
0
0
0
0
0
0
0
0
0
0
0
0
0
0
0
0
0
0
0
0
0
0
0
0
0
0
0
0
0
0
0
0
0
0
0
0
0
0
0
0
0
0
0
