int
2060
2056
2052
2048
3841
3621
3617
3589
3585
2073
2069
2065
3626
3603
3598
3639
3594
3635
3606
7727
0
0
2052
3629
3626
3600
3841
3591
3596
2049
3638
2060
2069
3587
3634
3623
3619
3607
3595
2075
2067
6155
0
0
3604
3629
3626
2052
3841
3591
2060
2049
3638
3592
2069
3587
3634
3623
3619
3603
3599
2075
2067
6155
2064
2060
2056
2048
3841
3621
3617
3605
3601
3597
3593
2073
3626
3587
2054
3639
2070
3635
3590
7727
2064
2060
2056
2048
3841
3621
3617
3605
3601
3597
3593
2073
3626
3587
2054
3639
2070
3635
3590
7727
2052
2048
3629
3626
3605
3841
3621
3617
3601
3638
3599
3595
3634
3591
3587
2075
2071
2067
2063
6155
2052
2048
3629
3626
3597
3841
3621
3617
3605
3638
3603
3595
3634
3591
3587
2075
2071
2067
2063
6155
2052
2048
3629
3626
3601
3841
3621
3617
3605
3638
3599
3595
3634
3591
3587
2075
2071
2067
2063
6155
2052
2048
3629
3626
3593
3841
3621
3617
3605
3638
3603
3599
3634
3591
3587
2075
2071
2067
2063
6155
0
0
3628
3605
3602
2056
3841
2067
3620
2073
3598
3616
3633
2051
3594
3639
3627
3591
3587
2071
2063
6151
0
0
0
3840
3585
2070
2063
2048
0
3621
2058
3632
3603
0
3617
3628
2054
3599
3639
2064
2073
3590
3627
3607
7691
0
0
0
3840
3585
2070
3607
3592
0
3621
2058
3632
2063
0
3617
3628
2054
2051
3639
2064
2073
3590
3627
3603
7695
0
3587
2072
2049
3842
3596
3621
2066
2056
3617
3588
3634
3605
2071
3630
2055
3639
3627
3603
3595
6159
0
3587
3600
2049
3842
2056
3621
2066
3592
3617
3588
3634
2073
2071
3630
2055
3639
3627
3607
3599
6159
3636
3624
3600
3592
3588
3584
2068
2060
2052
3617
3634
3607
2073
3630
3843
3597
2050
2067
2057
7718
3636
3624
3600
3592
3588
3584
2068
2060
2052
3617
3634
3599
3605
3630
3843
2073
2050
2067
2057
7718
3636
3624
3604
3596
3588
3584
2068
2060
2052
3617
3634
3603
2073
3630
3843
2057
2050
2067
3593
7718
3636
3624
3604
3596
3588
3584
2068
2060
2052
3617
3634
3595
2073
3630
3843
3601
2050
2067
2057
7718
0
0
2056
3605
3602
3624
3841
2067
3620
3637
3598
3616
2073
2051
3594
3635
3631
3591
3587
2071
2063
6151
0
0
0
3840
3585
2070
2063
3636
0
3621
2058
2048
3603
0
3617
2064
2054
3599
3635
3624
2073
3590
3631
3607
7691
0
0
0
3840
3585
2070
3607
3636
0
3621
2058
3592
2063
0
3617
2064
2054
2051
3635
3624
2073
3590
3631
3603
7695
0
3587
2072
3625
3842
3596
3621
3638
2056
3617
3588
2066
3605
2071
2050
2055
3635
3631
3603
3595
6159
0
3587
3600
3625
3842
2056
3621
3638
3592
3617
3588
2066
2073
2071
2050
2055
3635
3631
3607
3599
6159
3632
3628
3600
3592
3588
3584
2068
2060
2052
3617
2066
3607
2073
2050
3843
3597
3626
3639
2057
7718
3632
3628
3600
3592
3588
3584
2068
2060
2052
3617
2066
3599
3605
2050
3843
2073
3626
3639
2057
7718
3632
3628
3604
3596
3588
3584
2068
2060
2052
3617
2066
3603
2073
2050
3843
2057
3626
3639
3593
7718
3632
3628
3604
3596
3588
3584
2068
2060
2052
3617
2066
3595
2073
2050
3843
3601
3626
3639
2057
7718
2064
2060
2052
2048
3841
3637
3633
3629
3625
3589
3585
2069
2058
3603
3622
3599
3618
3595
3606
6171
0
2059
3600
3585
3842
3596
2049
3638
2060
2069
2072
3590
2053
3623
3630
3619
3635
3627
3607
3595
6163
0
2059
2052
3585
3842
2060
2049
3638
3592
2069
2072
3590
3605
3623
3630
3619
3635
3627
3603
3599
6163
3592
2064
2060
2048
3841
3637
3633
3629
3625
3605
3601
3597
3586
2071
3622
2059
3618
2055
2074
7687
3592
2064
2060
2048
3841
3637
3633
3629
3625
3605
3601
3597
3586
2071
3622
2059
3618
2055
2074
7687
3588
3584
2068
2064
2060
2052
2048
3633
3629
3625
3601
3597
3593
3622
2059
3618
2075
3606
3843
7735
3588
3584
2068
2064
2060
2052
2048
3633
3629
3625
3605
3601
3593
3622
2075
3618
3599
2058
3843
7735
3588
3584
2068
2064
2060
2052
2048
3633
3629
3625
3605
3597
3593
3622
3603
3618
2075
2058
3843
7735
3588
3584
2068
2064
2060
2052
2048
3633
3629
3625
3605
3601
3597
3622
2075
3618
2059
3594
3843
7735
2064
2060
2052
2048
3841
3637
3633
3629
3625
3589
3585
2069
2058
3603
3622
3599
3618
3595
3606
6171
0
2059
3600
3625
3842
3596
2049
3590
2060
2069
2072
3634
2053
3623
3586
3619
3639
3631
3607
3595
6163
0
2059
2052
3625
3842
2060
2049
3590
3592
2069
2072
3634
3605
3623
3586
3619
3639
3631
3603
3599
6163
3592
2064
2060
2048
3841
3637
3633
3629
3625
3605
3601
3597
3586
2071
3622
2059
3618
2055
2074
7687
3592
2064
2060
2048
3841
3637
3633
3629
3625
3605
3601
3597
3586
2071
3622
2059
3618
2055
2074
7687
3588
3584
2068
2064
2060
2052
2048
3633
3629
3625
3601
3597
3593
3622
2059
3618
2075
3606
3843
7735
3588
3584
2068
2064
2060
2052
2048
3633
3629
3625
3605
3601
3593
3622
2075
3618
3599
2058
3843
7735
3588
3584
2068
2064
2060
2052
2048
3633
3629
3625
3605
3597
3593
3622
3603
3618
2075
2058
3843
7735
3588
3584
2068
2064
2060
2052
2048
3633
3629
3625
3605
3601
3597
3622
2075
3618
2059
3594
3843
7735
2052
2048
3605
3602
3637
3841
3633
3629
3625
3598
3623
3619
3594
3591
3587
2075
2071
2067
2063
6155
3632
3624
3620
3616
3604
3592
2072
2064
2056
2053
3630
3639
3601
3586
3843
3597
2050
3591
2061
6166
3632
3624
3620
3616
3600
3596
2072
2064
2056
3605
3630
3639
2053
3586
3843
2061
2050
3591
3593
6166
3596
3592
2072
2064
2060
2056
2048
3629
3625
3621
3617
3605
3601
2054
3591
3638
3587
2070
3843
7731
3596
3592
2072
2064
2060
2056
2048
3629
3625
3621
3617
3605
3601
2054
3591
3638
3587
2070
3843
7731
2060
2056
2052
2048
3593
3589
3585
2073
2069
2065
3606
3631
3638
3842
3634
3627
3623
3619
3603
7695
2060
2056
2052
2048
3593
3589
3585
2073
2069
2065
3598
3631
3638
3842
3634
3627
3623
3619
3607
7699
2060
2056
2052
2048
3593
3589
3585
2073
2069
2065
3602
3631
3638
3842
3634
3627
3623
3619
3607
7695
2060
2056
2052
2048
3597
3589
3585
2073
2069
2065
3594
3631
3638
3842
3634
3627
3623
3619
3607
7699
2052
2048
3605
3602
3629
3841
3637
3633
3625
3598
3623
3619
3594
3591
3587
2075
2071
2067
2063
6155
3632
3624
3620
3616
3604
3592
2072
2064
2056
2053
3590
3631
3601
3586
3843
3597
2050
3639
2061
6166
3632
3624
3620
3616
3600
3596
2072
2064
2056
3605
3590
3631
2053
3586
3843
2061
2050
3639
3593
6166
3596
3592
2072
2064
2060
2056
2048
3633
3625
3621
3617
3605
3601
2054
3631
2070
3587
3590
3843
7735
3596
3592
2072
2064
2060
2056
2048
3633
3625
3621
3617
3605
3601
2054
3631
2070
3587
3590
3843
7735
2060
2056
2052
2048
3593
3589
3585
2073
2069
2065
3606
3635
3630
3842
3638
3627
3623
3619
3603
7695
2060
2056
2052
2048
3593
3589
3585
2073
2069
2065
3598
3635
3630
3842
3638
3627
3623
3619
3607
7699
2060
2056
2052
2048
3593
3589
3585
2073
2069
2065
3602
3635
3630
3842
3638
3627
3623
3619
3607
7695
2060
2056
2052
2048
3597
3589
3585
2073
2069
2065
3594
3635
3630
3842
3638
3627
3623
3619
3607
7699
2052
2048
3605
3602
3633
3841
3637
3629
3625
3598
3623
3619
3594
3591
3587
2075
2071
2067
2063
6155
3636
3628
3620
3616
3604
3592
2072
2064
2056
2053
3586
3635
3601
3626
3843
3597
2050
3591
2061
6166
3636
3628
3620
3616
3600
3596
2072
2064
2056
3605
3586
3635
2053
3626
3843
2061
2050
3591
3593
6166
3596
3592
2072
2064
2060
2056
2048
3629
3625
3621
3617
3605
3601
2054
3591
2070
3587
3634
3843
7735
3596
3592
2072
2064
2060
2056
2048
3629
3625
3621
3617
3605
3601
2054
3591
2070
3587
3634
3843
7735
2060
2056
2052
2048
3593
3589
3585
2073
2069
2065
3634
3631
3606
3842
3638
3627
3623
3619
3603
7695
2060
2056
2052
2048
3593
3589
3585
2073
2069
2065
3634
3631
3598
3842
3638
3627
3623
3619
3607
7699
2060
2056
2052
2048
3593
3589
3585
2073
2069
2065
3634
3631
3602
3842
3638
3627
3623
3619
3607
7695
2060
2056
2052
2048
3597
3589
3585
2073
2069
2065
3634
3631
3594
3842
3638
3627
3623
3619
3607
7699
2052
2048
3605
3602
3625
3841
3637
3633
3629
3598
3623
3619
3594
3591
3587
2075
2071
2067
2063
6155
3636
3628
3620
3616
3604
3592
2072
2064
2056
2053
3634
3627
3601
3586
3843
3597
2050
3591
2061
6166
3636
3628
3620
3616
3600
3596
2072
2064
2056
3605
3634
3627
2053
3586
3843
2061
2050
3591
3593
6166
3596
3592
2072
2064
2060
2056
2048
3633
3629
3621
3617
3605
3601
2054
3587
2070
3627
3590
3843
7735
3596
3592
2072
2064
2060
2056
2048
3633
3629
3621
3617
3605
3601
2054
3587
2070
3627
3590
3843
7735
2060
2056
2052
2048
3593
3589
3585
2073
2069
2065
3626
3635
3606
3842
3638
3631
3623
3619
3603
7695
2060
2056
2052
2048
3593
3589
3585
2073
2069
2065
3626
3635
3598
3842
3638
3631
3623
3619
3607
7699
2060
2056
2052
2048
3593
3589
3585
2073
2069
2065
3626
3635
3602
3842
3638
3631
3623
3619
3607
7695
2060
2056
2052
2048
3597
3589
3585
2073
2069
2065
3626
3635
3594
3842
3638
3631
3623
3619
3607
7699
3605
2052
3601
2048
3636
3632
3628
3624
3597
3593
2065
2061
2074
3843
3622
2059
3618
3591
2070
7683
0
0
0
0
0
0
0
0
0
0
0
0
0
0
0
0
0
0
0
0
0
0
0
0
0
0
0
0
0
0
0
0
0
0
0
0
0
0
0
0
0
0
0
0
0
0
0
0
0
0
0
0
0
0
0
0
0
0
0
0
0
0
0
0
0
0
0
0
0
0
0
0
0
0
0
0
0
0
0
0
0
0
0
0
0
0
0
0
0
0
0
0
0
0
0
0
0
0
0
0
0
0
0
0
0
0
0
0
0
0
0
0
0
0
0
0
0
0
0
0
0
0
0
0
0
0
0
0
0
0
0
0
0
0
0
0
0
0
0
0
0
0
0
0
0
0
0
0
0
0
0
0
0
0
0
0
0
0
0
0
0
0
0
0
0
0
0
0
0
0
0
0
0
0
0
0
0
0
0
0
0
0
0
0
0
0
0
0
0
0
0
0
0
0
0
0
0
0
0
0
0
0
0
0
0
0
0
0
0
0
0
0
0
0
0
0
0
0
0
0
0
0
0
0
0
0
0
0
0
0
0
0
0
0
0
0
0
0
0
0
0
0
0
0
0
0
0
0
0
0
0
0
0
0
0
0
0
0
0
0
0
0
0
0
0
0
0
0
0
0
0
0
0
0
0
0
0
0
0
0
0
0
0
0
0
0
0
0
0
0
0
0
0
0
0
0
0
0
0
0
0
0
0
0
0
0
0
0
0
0
0
0
0
0
0
0
0
0
0
0
0
0
0
0
0
0
0
0
0
0
0
0
0
0
0
0
0
0
0
0
0
0
0
0
0
0
0
0
0
0
0
0
0
0
0
0
0
0
0
0
0
0
0
0
0
0
0
0
0
0
0
0
0
0
0
0
0
0
0
0
0
0
0
0
0
0
0
0
0
0
0
0
0
0
0
0
0
0
0
0
0
0
0
0
0
0
0
0
0
0
0
0
0
0
0
0
0
0
0
0
0
0
0
0
0
0
0
0
0
0
0
0
0
0
0
0
0
0
0
0
0
0
0
0
0
0
0
0
0
0
0
0
0
0
0
0
0
0
0
0
0
0
0
0
0
0
0
0
0
0
0
0
0
0
0
0
0
0
0
0
0
0
0
0
0
0
0
0
0
0
0
0
0
0
0
0
0
0
0
0
0
0
0
0
0
0
0
0
0
0
0
0
0
0
0
0
0
0
0
0
0
0
0
0
0
0
0
0
0
0
0
0
0
0
0
0
0
0
0
0
0
0
0
0
0
0
0
0
0
0
0
0
0
0
0
0
0
0
0
0
0
0
0
0
0
0
0
0
0
0
0
0
0
0
0
0
0
0
0
0
0
0
0
0
0
0
0
0
0
0
0
0
0
0
0
0
0
0
0
0
0
0
0
0
0
0
0
0
0
0
0
0
0
0
0
0
0
0
0
0
0
0
0
0
0
0
0
0
0
0
0
0
0
0
0
0
0
0
0
0
0
0
0
0
0
0
0
0
0
0
0
0
0
0
0
0
0
0
0
0
0
0
0
0
0
0
0
0
0
0
0
0
0
0
0
0
0
0
0
0
0
0
0
0
0
0
0
0
0
0
0
0
0
0
0
0
0
0
0
0
0
0
0
0
0
0
0
0
0
0
0
0
0
0
0
0
0
0
0
0
0
0
0
0
0
0
0
0
0
0
0
0
0
0
0
0
0
0
0
0
0
0
0
0
0
0
0
0
0
0
0
0
0
0
0
0
0
0
0
0
0
0
0
0
0
0
0
0
0
0
0
0
0
0
0
0
0
0
0
0
0
0
0
0
0
0
0
0
0
0
0
0
0
0
0
0
0
0
0
0
0
0
0
0
0
0
0
0
0
0
0
0
0
0
0
0
0
0
0
0
0
0
0
0
0
0
0
0
0
0
0
0
0
0
0
0
0
0
0
0
0
0
0
0
0
0
0
0
0
0
0
0
0
0
0
0
0
0
0
0
0
0
0
0
0
0
0
0
0
0
0
0
0
0
0
0
0
0
0
0
0
0
0
0
0
0
0
0
0
0
0
0
0
0
0
0
0
0
0
0
0
0
0
0
0
0
0
0
0
0
0
0
0
0
0
0
0
0
0
0
0
0
0
0
0
0
0
0
0
0
0
0
0
0
0
0
0
0
0
0
0
0
0
0
0
0
0
0
0
0
0
0
0
0
0
0
0
0
0
0
0
0
0
0
0
0
0
0
0
0
0
0
0
0
0
0
0
0
0
0
0
0
0
0
0
0
0
0
0
0
0
0
0
0
0
0
0
0
0
0
0
0
0
0
0
0
0
0
0
0
0
0
0
0
0
0
0
0
0
0
0
0
0
0
0
0
0
0
0
0
0
0
0
0
0
0
0
0
0
0
0
0
0
0
0
0
0
0
0
0
0
0
0
0
0
0
0
0
0
0
0
0
0
0
0
0
0
0
0
0
0
0
0
0
0
0
0
0
0
0
0
0
0
0
0
0
0
0
0
0
0
0
0
0
0
0
0
0
0
0
0
0
0
0
0
0
0
0
0
0
0
0
0
0
0
0
0
0
0
0
0
0
0
0
0
0
0
0
0
0
0
0
0
0
0
0
0
0
0
0
0
0
0
0
0
0
0
0
0
0
0
0
0
0
0
0
0
0
0
0
0
0
0
0
0
0
0
0
0
0
0
0
0
0
0
0
0
0
0
0
0
0
0
0
0
0
0
0
0
0
0
0
0
0
0
0
0
0
0
0
0
0
0
0
0
0
0
0
0
0
0
0
0
0
0
0
0
0
0
0
0
0
0
0
0
0
0
0
0
0
0
0
0
0
0
0
0
0
0
0
0
0
0
0
0
0
0
0
0
0
0
0
0
0
0
0
0
0
0
0
0
0
0
0
0
0
0
0
0
0
0
0
0
0
0
0
0
0
0
0
0
0
0
0
0
0
0
0
0
0
0
0
0
0
0
0
0
0
0
0
0
0
0
0
0
0
0
0
0
0
0
0
0
0
0
0
0
0
0
0
0
0
0
0
0
0
0
0
0
0
0
0
0
0
0
0
0
0
0
0
0
0
0
0
0
0
0
0
0
0
0
0
0
0
0
0
0
0
0
0
0
0
0
0
0
0
0
0
0
0
0
0
0
0
0
0
0
0
0
0
0
0
0
0
0
0
0
0
0
0
0
0
0
0
0
0
0
0
0
0
0
0
0
0
0
0
0
0
0
0
0
0
0
0
0
0
0
0
0
0
0
0
0
0
0
0
0
0
0
0
0
0
0
0
0
0
0
0
0
0
0
0
0
0
0
0
0
0
0
0
0
0
0
0
0
0
0
0
0
0
0
0
0
0
0
0
0
0
0
0
0
0
0
0
0
0
0
0
0
0
0
0
0
0
0
0
0
0
0
0
0
0
0
0
0
0
0
0
0
0
0
0
0
0
0
0
0
0
0
0
0
0
0
0
0
0
0
0
0
0
0
0
0
0
0
0
0
0
0
0
0
0
0
0
0
0
0
0
0
0
0
0
0
0
0
0
0
0
0
0
0
0
0
0
0
0
0
0
0
0
0
0
0
0
0
0
0
0
0
0
0
0
0
0
0
0
0
0
0
0
0
0
0
0
0
0
0
0
0
0
0
0
0
0
0
0
0
0
0
0
0
0
0
0
0
0
0
0
0
0
0
0
0
0
0
0
0
0
0
0
0
0
0
0
0
0
0
0
0
0
0
0
0
0
0
0
0
0
0
0
0
0
0
0
0
0
0
0
0
0
0
0
0
0
0
0
0
0
0
0
0
0
0
0
0
0
0
0
0
0
0
0
0
0
0
0
0
0
0
0
0
0
0
0
0
0
0
0
0
0
0
0
0
0
0
0
0
0
0
0
0
0
0
0
0
0
0
0
0
0
0
0
0
0
0
0
0
0
0
0
0
0
0
0
0
0
0
0
0
0
0
0
0
0
0
0
0
0
0
0
0
0
0
0
0
0
0
0
0
0
0
0
0
0
0
0
0
0
0
0
0
0
0
0
0
0
0
0
0
0
0
0
0
0
0
0
0
0
0
0
0
0
0
0
0
0
0
0
0
0
0
0
0
0
0
0
0
0
0
0
0
0
0
0
0
0
0
0
0
0
0
0
0
0
0
0
0
0
0
0
0
0
0
0
0
0
0
0
0
0
0
0
0
0
0
0
0
0
0
0
0
0
0
0
0
0
0
0
0
0
0
0
0
0
0
0
0
0
0
0
0
0
0
0
0
0
0
0
0
0
0
0
0
0
0
0
0
0
0
0
0
0
0
0
0
0
0
0
0
0
0
0
0
0
0
0
0
0
0
0
0
0
0
0
0
0
0
0
0
0
0
0
0
0
0
0
0
0
0
0
0
0
0
0
0
0
0
0
0
0
0
0
0
0
0
0
0
0
0
0
0
0
0
0
0
0
0
0
0
0
0
0
0
0
0
0
0
0
0
0
0
0
0
0
0
0
0
0
0
0
0
0
0
0
0
0
0
0
0
0
0
0
0
0
0
0
0
0
0
0
0
0
0
0
0
0
0
0
0
0
0
0
0
0
0
0
0
0
0
0
0
0
0
0
0
0
0
0
0
0
0
0
0
0
0
0
0
0
0
0
0
0
0
0
0
0
0
0
0
0
0
0
0
0
0
0
0
0
0
0
0
0
0
0
0
0
0
0
0
0
0
0
0
0
0
0
0
0
0
0
0
0
0
0
0
0
0
0
0
0
0
0
0
0
0
0
0
0
0
0
0
0
0
0
0
0
0
0
0
0
0
0
0
0
0
0
0
0
0
0
0
0
0
0
0
0
0
0
0
0
0
0
0
0
0
0
0
0
0
0
0
0
0
0
0
0
0
0
0
0
0
0
0
0
0
0
0
0
0
0
0
0
0
0
0
0
0
0
0
0
0
0
0
0
0
0
0
0
0
0
0
0
0
0
0
0
0
0
0
0
0
0
0
0
0
0
0
0
0
0
0
0
0
0
0
0
0
0
0
0
0
0
0
0
0
0
0
0
0
0
0
0
0
0
0
0
0
0
0
0
0
0
0
0
0
0
0
0
0
0
0
0
0
0
0
0
0
0
0
0
0
0
0
0
0
0
0
0
0
0
0
0
0
0
0
0
0
0
0
0
0
0
0
0
0
0
0
0
0
0
0
0
0
0
0
0
0
0
0
0
0
0
0
0
0
0
0
0
0
0
0
0
0
0
0
0
0
0
0
0
0
0
0
0
0
0
0
0
0
0
0
0
0
0
0
0
0
0
0
0
0
0
0
0
0
0
0
0
0
0
0
0
0
0
0
0
0
0
0
0
0
0
0
0
0
0
0
0
0
0
0
0
0
0
0
0
0
0
0
0
0
0
0
0
0
0
0
0
0
0
0
0
0
0
0
0
0
0
0
0
0
0
0
0
0
0
0
0
0
0
0
0
0
0
0
0
0
0
0
0
0
0
0
0
0
0
0
0
0
0
0
0
0
0
0
0
0
0
0
0
